wavelength ppol spol
400  47.00  42.00
402  47.03  42.07
404  47.06  42.15
406  47.09  42.23
408  47.12  42.31
410  47.15  42.39
412  47.18  42.47
414  47.21  42.55
416  47.24  42.63
418  47.27  42.71
420  47.30  42.79
422  47.33  42.87
424  47.36  42.95
426  47.39  43.03
428  47.42  43.11
430  47.45  43.19
432  47.48  43.27
434  47.51  43.35
436  47.54  43.43
438  47.57  43.51
440  47.60  43.59
442  47.63  43.67
444  47.66  43.75
446  47.69  43.83
448  47.72  43.91
450  47.75  44.00
452  47.78  44.09
454  47.81  44.18
456  47.84  44.27
458  47.87  44.36
460  47.90  44.45
462  47.93  44.54
464  47.96  44.63
466  47.99  44.72
468  48.02  44.81
470  48.05  44.90
472  48.08  44.99
474  48.11  45.08
476  48.14  45.17
478  48.17  45.26
480  48.20  45.35
482  48.23  45.44
484  48.26  45.53
486  48.29  45.62
488  48.32  45.71
490  48.35  45.80
492  48.38  45.89
494  48.41  45.98
496  48.44  46.07
498  48.47  46.16
500  48.50  46.25
502  48.49  46.32
504  48.48  46.39
506  48.47  46.46
508  48.46  46.53
510  48.45  46.60
512  48.44  46.67
514  48.43  46.74
516  48.42  46.81
518  48.41  46.88
520  48.40  46.95
522  48.39  47.02
524  48.38  47.09
526  48.37  47.06
528  48.36  47.03
530  48.35  47.00
532  48.34  46.97
534  48.33  46.94
536  48.32  46.91
538  48.31  46.88
540  48.30  46.85
542  48.29  46.82
544  48.28  46.79
546  48.27  46.76
548  48.26  46.73
550  48.25  46.70
552  48.23  46.63
554  48.21  46.56
556  48.19  46.49
558  48.17  46.42
560  48.15  46.35
562  48.13  46.28
564  48.11  46.21
566  48.09  46.14
568  48.07  46.07
570  48.05  46.00
572  48.03  45.93
574  48.01  45.86
576  47.99  45.79
578  47.97  45.72
580  47.95  45.65
582  47.93  45.58
584  47.91  45.51
586  47.89  45.44
588  47.87  45.37
590  47.85  45.30
592  47.83  45.23
594  47.81  45.16
596  47.79  45.09
598  47.77  45.02
600  47.75  44.95
602  47.69  44.84
604  47.63  44.73
606  47.57  44.62
608  47.51  44.51
610  47.45  44.40
612  47.39  44.29
614  47.33  44.18
616  47.27  44.07
618  47.21  43.96
620  47.15  43.85
622  47.09  43.74
624  47.03  43.63
626  46.97  43.52
628  46.91  43.41
630  46.85  43.30
632  46.79  43.19
634  46.73  43.08
636  46.67  42.97
638  46.61  42.86
640  46.55  42.75
642  46.49  42.64
644  46.43  42.53
646  46.37  42.42
648  46.31  42.31
650  46.25  42.20
652  46.09  42.11
654  45.93  42.07
656  45.77  42.03
658  45.61  42.00
660  45.45  41.96
662  45.29  41.92
664  45.13  41.88
666  44.97  41.84
668  44.81  41.80
670  44.65  41.76
672  44.49  41.72
674  44.33  41.68
676  44.17  41.64
678  44.11  41.60
680  44.06  41.56
682  44.02  41.52
684  43.98  41.48
686  43.94  41.44
688  43.90  41.40
690  43.86  41.36
692  43.82  41.32
694  43.78  41.28
696  43.74  41.24
698  43.70  41.20
700  43.66  41.16